2,17756
3,9862
4,8629
5,7642
6,5637
7,4388
8,3670
9,2907
10,2439
11,2077
12,1842
13,1634
14,1531
15,1313
16,1186
17,1010
18,922
19,888
20,752
21,717
22,681
23,616
24,529
25,516
26,469
27,439
28,435
29,389
30,362
31,345
32,331
33,301
34,280
35,247
36,262
37,218
38,209
39,240
40,198
41,215
42,201
43,188
44,171
45,171
46,179
47,133
48,155
49,138
50,129
51,118
52,131
53,129
54,89
55,111
56,114
57,100
58,107
59,97
60,89
61,93
62,98
63,107
64,96
65,79
66,74
67,71
68,87
69,83
70,76
71,66
72,68
73,64
74,55
75,57
76,53
77,87
78,63
79,72
80,49
81,54
82,63
83,62
84,56
85,53
86,57
87,54
88,55
89,55
90,53
91,49
92,55
93,51
94,43
95,50
96,49
97,37
98,46
99,51
100,35
101,31
102,36
103,38
104,35
105,43
106,64
107,32
108,39
109,37
110,37
111,24
112,34
113,32
114,37
115,32
116,32
117,37
118,30
119,30
120,47
121,41
122,39
123,24
124,37
125,24
126,22
127,27
128,22
129,33
130,32
131,30
132,39
133,33
134,24
135,25
136,38
137,18
138,27
139,36
140,21
141,25
142,24
143,26
144,19
145,23
146,18
147,19
148,14
149,24
150,22
151,17
152,27
153,19
154,19
155,20
156,17
157,21
158,22
159,20
160,16
161,17
162,17
163,20
164,16
165,16
166,21
167,20
168,11
169,13
170,20
171,7
172,20
173,12
174,18
175,13
176,21
177,15
178,16
179,14
180,14
181,11
182,17
183,9
184,13
185,16
186,15
187,12
188,11
189,18
190,12
191,11
192,11
193,11
194,14
195,12
196,13
197,15
198,12
199,11
200,11
201,13
202,11
203,18
204,6
205,17
206,14
207,12
208,10
209,13
210,11
211,9
212,7
213,11
214,9
215,4
216,11
217,6
218,10
219,13
220,5
221,6
222,7
223,9
224,15
225,11
226,9
227,11
228,11
229,13
230,6
231,9
232,5
233,4
234,4
235,6
236,5
237,10
238,7
239,8
240,9
241,11
242,9
243,6
244,5
245,8
246,9
247,11
248,7
249,5
250,6
251,7
252,6
253,11
254,8
255,8
256,4
257,4
258,4
259,5
260,5
261,7
262,3
263,8
264,10
265,7
266,8
267,7
268,6
269,4
270,10
271,7
272,3
273,7
274,11
275,4
276,10
277,7
278,6
279,5
280,8
281,4
282,3
283,10
284,8
285,7
286,6
287,9
288,4
289,7
290,4
291,4
292,7
293,1
294,5
295,3
296,5
297,9
298,4
299,2
300,8
301,8
302,7
303,9
304,2
305,8
306,8
307,10
308,7
309,3
310,6
311,5
312,5
313,7
314,2
315,5
316,7
317,4
318,6
319,4
320,7
321,6
322,1
323,7
324,5
325,8
326,2
327,4
328,6
329,7
330,4
331,4
332,6
333,4
334,7
335,6
336,5
337,5
338,5
339,3
340,5
341,7
342,10
343,5
344,2
345,3
346,7
347,2
348,4
349,6
350,2
351,3
352,4
353,6
354,6
355,2
356,5
357,6
358,6
359,1
360,4
361,7
362,6
363,6
364,5
365,3
366,7
367,1
368,1
369,3
370,4
371,4
372,2
373,4
374,5
375,3
376,5
377,3
378,5
379,3
380,4
381,2
382,4
383,5
384,6
385,3
386,4
387,5
388,3
389,3
390,8
392,2
393,7
394,2
395,2
396,4
397,4
398,5
399,5
400,5
401,4
402,4
403,3
404,3
405,3
406,4
407,2
408,5
409,1
410,4
411,5
412,2
413,2
414,2
415,3
416,1
417,2
418,4
419,3
420,5
421,4
422,5
423,2
424,3
425,4
426,5
427,3
428,1
429,3
430,3
431,2
432,3
434,2
435,2
436,3
437,4
438,3
439,1
440,1
441,1
442,2
443,2
444,2
445,1
446,1
447,2
448,1
449,2
450,5
451,5
452,2
453,2
454,4
455,1
456,2
457,1
458,3
460,1
461,1
462,1
463,5
464,6
465,3
466,1
467,3
468,1
469,3
470,4
471,3
472,4
473,8
474,3
475,1
476,3
478,2
480,2
481,4
482,2
483,2
484,1
486,5
487,5
488,1
489,3
490,3
491,2
492,3
494,2
495,2
496,1
497,2
498,1
499,2
500,3
501,1
502,1
503,3
504,2
505,1
506,2
507,2
508,4
509,2
510,1
511,3
513,2
514,2
515,3
517,2
518,2
520,3
521,2
522,3
523,3
524,2
525,2
526,2
527,2
528,4
529,3
530,1
531,1
533,3
534,2
535,2
536,4
537,1
538,1
539,5
540,5
541,2
542,3
543,2
544,1
545,1
546,1
547,1
548,2
551,1
552,1
554,2
555,3
556,1
557,2
558,3
560,3
561,2
562,1
563,3
565,4
566,4
567,1
568,2
569,2
570,1
571,3
572,2
574,1
575,2
576,2
579,1
580,3
581,1
582,2
583,1
584,1
585,2
586,4
587,1
588,2
590,4
591,1
595,3
596,2
598,2
599,1
600,2
602,2
604,4
605,2
606,2
607,2
608,1
609,1
611,1
612,3
613,1
614,2
615,1
616,2
617,1
621,2
622,1
624,3
625,1
630,1
631,1
632,1
633,3
634,4
635,1
636,1
637,3
638,5
639,1
640,1
641,3
642,2
643,1
644,3
645,2
646,2
648,1
649,1
650,1
651,1
652,1
653,1
654,2
656,1
657,2
659,4
660,1
661,1
662,1
663,2
665,2
666,1
667,1
669,1
670,2
671,1
672,1
673,2
674,2
675,3
677,1
678,4
679,2
680,1
681,2
682,2
685,2
686,1
688,2
689,1
690,3
691,1
692,1
694,1
695,1
696,1
697,2
698,1
699,2
702,1
704,1
706,2
707,3
709,2
710,2
711,1
712,1
713,3
714,3
715,2
716,2
717,2
721,1
722,1
724,1
725,1
729,2
730,2
732,2
733,2
734,2
736,1
737,1
741,4
742,2
743,2
744,2
746,2
747,2
748,1
750,3
751,3
752,1
753,3
754,2
758,3
759,1
760,2
761,1
764,1
765,2
766,1
769,2
773,1
774,1
775,1
776,1
780,1
782,1
783,1
784,3
785,1
786,1
787,1
788,1
789,1
794,1
796,1
797,1
800,1
805,2
806,2
808,2
809,1
810,1
811,2
812,1
813,3
817,3
818,2
819,1
820,2
821,3
823,1
825,1
826,2
827,2
831,3
832,3
835,1
840,4
843,1
844,1
845,1
846,1
847,1
848,1
849,2
853,1
854,1
855,1
857,1
858,1
859,1
862,1
863,1
867,1
868,2
869,1
870,3
872,1
875,1
877,1
882,3
883,2
885,1
886,1
887,1
888,1
890,1
892,1
893,2
894,2
896,1
897,1
898,3
899,1
900,1
901,1
906,3
907,1
909,1
910,1
914,2
915,1
919,2
922,1
927,2
928,2
930,1
933,1
934,1
935,2
936,2
938,1
940,1
941,2
942,2
944,2
945,1
948,2
950,1
951,1
952,2
953,2
954,1
955,1
957,1
958,1
959,1
963,1
964,1
968,1
970,1
972,1
973,1
974,1
975,1
976,1
980,2
983,1
987,1
989,1
990,1
991,1
993,1
995,2
996,1
997,2
998,2
1000,1
1002,1
1003,1
1006,1
1009,1
1010,2
1011,1
1015,1
1018,1
1019,2
1020,2
1021,2
1025,1
1027,1
1028,1
1030,2
1031,1
1037,1
1039,3
1040,4
1042,2
1044,3
1046,2
1050,2
1051,1
1056,4
1057,1
1062,1
1063,1
1065,1
1066,1
1067,2
1068,2
1071,2
1073,1
1078,2
1083,2
1084,2
1086,2
1088,1
1089,1
1091,1
1093,1
1094,2
1095,2
1096,1
1102,2
1103,1
1104,1
1105,1
1107,1
1111,1
1112,1
1113,2
1118,1
1119,1
1121,2
1122,3
1123,1
1126,2
1127,2
1128,1
1136,1
1137,1
1141,1
1142,1
1144,1
1147,2
1148,3
1149,1
1150,1
1151,1
1153,1
1154,1
1155,1
1157,1
1162,1
1163,1
1165,1
1170,1
1172,1
1178,1
1179,2
1183,1
1187,1
1188,3
1189,1
1190,1
1192,1
1193,1
1197,1
1198,1
1199,1
1202,2
1204,2
1205,1
1207,1
1208,1
1209,1
1210,1
1214,1
1215,2
1219,1
1220,1
1221,1
1223,1
1224,1
1226,1
1227,1
1228,1
1235,1
1237,1
1240,2
1241,1
1242,1
1244,4
1248,1
1249,1
1250,3
1254,1
1257,2
1259,2
1260,1
1261,2
1264,1
1268,1
1269,1
1271,3
1273,2
1276,1
1278,2
1280,1
1284,2
1286,2
1287,1
1289,1
1290,1
1295,1
1296,2
1297,2
1299,1
1305,1
1306,1
1308,2
1310,1
1320,2
1321,1
1323,1
1324,1
1328,1
1329,1
1331,1
1335,2
1337,1
1338,1
1339,2
1340,1
1344,2
1345,1
1346,2
1353,3
1356,3
1358,2
1359,1
1362,1
1363,1
1367,2
1369,1
1372,1
1374,1
1375,1
1376,1
1377,2
1378,1
1379,1
1380,1
1381,1
1383,1
1384,1
1385,3
1389,2
1392,1
1394,1
1395,1
1397,1
1403,1
1404,3
1405,1
1407,1
1409,1
1410,1
1411,1
1413,1
1414,2
1419,1
1425,4
1426,1
1428,2
1429,1
1433,1
1435,1
1437,2
1438,1
1439,1
1440,1
1441,2
1442,1
1445,3
1446,1
1447,2
1448,2
1449,2
1451,2
1453,1
1455,2
1456,1
1459,2
1464,2
1466,3
1472,1
1473,1
1474,1
1478,1
1479,2
1482,1
1487,1
1491,1
1492,2
1493,1
1499,1
1500,1
1501,1
1503,1
1507,1
1509,2
1511,2
1513,2
1514,1
1517,1
1519,1
1530,1
1535,1
1536,1
1538,1
1543,1
1545,1
1547,1
1548,2
1549,1
1551,2
1555,1
1556,2
1558,1
1560,1
1567,1
1568,1
1569,1
1570,1
1572,1
1575,1
1580,1
1582,1
1583,1
1584,1
1588,1
1589,2
1590,2
1591,2
1592,1
1595,1
1598,2
1599,1
1600,3
1602,1
1603,1
1604,1
1605,1
1609,1
1616,1
1620,1
1621,1
1622,1
1623,1
1624,2
1625,1
1629,1
1633,1
1637,1
1643,1
1652,1
1655,3
1656,2
1661,1
1663,1
1664,3
1666,1
1667,1
1671,1
1682,1
1683,1
1685,1
1688,1
1690,1
1691,1
1693,1
1694,1
1698,1
1700,2
1701,1
1706,1
1715,2
1716,1
1722,1
1723,1
1725,1
1729,2
1740,1
1751,2
1755,1
1758,1
1759,1
1763,1
1766,1
1777,1
1785,1
1792,1
1794,1
1804,1
1844,1
1889,1
1976,1
1980,1
2059,1
2119,1
2306,1
